results = [
0 2 80 1.7132e-07
1 2 80 1.6791e-07
2 1 32 1.5369e-07
] ; resid = 0 ;
lnz = 5 ;
t = 4.288e-08 ;   % dense solve time
