results = [
0 2 80 1.7262e-07
1 2 80 1.7142e-07
2 1 32 1.596e-07
] ; resid = 0 ;
lnz = 5 ;
t = 4.388e-08 ;   % dense solve time
