results = [
0 2 80 3.9113e-07
1 2 80 3.8692e-07
2 1 32 3.6058e-07
] ; resid = 0 ;
lnz = 5 ;
t = 9.808e-08 ;   % dense solve time
